index[0]:  17  ,edges:  [(0, 16), (1, 2), (1, 6), (1, 7), (1, 8), (2, 11), (2, 16), (2, 17), (3, 14), (3, 16), (3, 17), (4, 7), (4, 13), (4, 17), (5, 6), (5, 11), (6, 18), (9, 12), (10, 13), (11, 17), (13, 15), (15, 17), (16, 19)]  ,solution:  [-1, -1, -1, -1, -1, -1, -1, -1, -1, -1, -1, -1, -1, -1, -1, -1, -1, -1, -1, -1]  ,i:  0
index:  17  CNodes:  [2, 3, 4, 11, 15] CNColors:  [-1, -1, -1, -1, -1]
ith solution color:  0
index[0]:  1  ,edges:  [(0, 16), (1, 2), (1, 6), (1, 7), (1, 8), (2, 11), (2, 16), (2, 17), (3, 14), (3, 16), (3, 17), (4, 7), (4, 13), (4, 17), (5, 6), (5, 11), (6, 18), (9, 12), (10, 13), (11, 17), (13, 15), (15, 17), (16, 19)]  ,solution:  [-1, -1, -1, -1, -1, -1, -1, -1, -1, -1, -1, -1, -1, -1, -1, -1, -1, 0, -1, -1]  ,i:  1
index:  1  CNodes:  [2, 6, 7, 8] CNColors:  [-1, -1, -1, -1]
ith solution color:  0
index[0]:  2  ,edges:  [(0, 16), (1, 2), (1, 6), (1, 7), (1, 8), (2, 11), (2, 16), (2, 17), (3, 14), (3, 16), (3, 17), (4, 7), (4, 13), (4, 17), (5, 6), (5, 11), (6, 18), (9, 12), (10, 13), (11, 17), (13, 15), (15, 17), (16, 19)]  ,solution:  [-1, 0, -1, -1, -1, -1, -1, -1, -1, -1, -1, -1, -1, -1, -1, -1, -1, 0, -1, -1]  ,i:  2
index:  2  CNodes:  [1, 11, 16, 17] CNColors:  [0, -1, -1, 0]
ith solution color:  1
index[0]:  16  ,edges:  [(0, 16), (1, 2), (1, 6), (1, 7), (1, 8), (2, 11), (2, 16), (2, 17), (3, 14), (3, 16), (3, 17), (4, 7), (4, 13), (4, 17), (5, 6), (5, 11), (6, 18), (9, 12), (10, 13), (11, 17), (13, 15), (15, 17), (16, 19)]  ,solution:  [-1, 0, 1, -1, -1, -1, -1, -1, -1, -1, -1, -1, -1, -1, -1, -1, -1, 0, -1, -1]  ,i:  3
index:  16  CNodes:  [0, 2, 3, 19] CNColors:  [-1, 1, -1, -1]
ith solution color:  0
index[0]:  3  ,edges:  [(0, 16), (1, 2), (1, 6), (1, 7), (1, 8), (2, 11), (2, 16), (2, 17), (3, 14), (3, 16), (3, 17), (4, 7), (4, 13), (4, 17), (5, 6), (5, 11), (6, 18), (9, 12), (10, 13), (11, 17), (13, 15), (15, 17), (16, 19)]  ,solution:  [-1, 0, 1, -1, -1, -1, -1, -1, -1, -1, -1, -1, -1, -1, -1, -1, 0, 0, -1, -1]  ,i:  4
index:  3  CNodes:  [14, 16, 17] CNColors:  [-1, 0, 0]
ith solution color:  1
index[0]:  4  ,edges:  [(0, 16), (1, 2), (1, 6), (1, 7), (1, 8), (2, 11), (2, 16), (2, 17), (3, 14), (3, 16), (3, 17), (4, 7), (4, 13), (4, 17), (5, 6), (5, 11), (6, 18), (9, 12), (10, 13), (11, 17), (13, 15), (15, 17), (16, 19)]  ,solution:  [-1, 0, 1, 1, -1, -1, -1, -1, -1, -1, -1, -1, -1, -1, -1, -1, 0, 0, -1, -1]  ,i:  5
index:  4  CNodes:  [7, 13, 17] CNColors:  [-1, -1, 0]
ith solution color:  1
index[0]:  6  ,edges:  [(0, 16), (1, 2), (1, 6), (1, 7), (1, 8), (2, 11), (2, 16), (2, 17), (3, 14), (3, 16), (3, 17), (4, 7), (4, 13), (4, 17), (5, 6), (5, 11), (6, 18), (9, 12), (10, 13), (11, 17), (13, 15), (15, 17), (16, 19)]  ,solution:  [-1, 0, 1, 1, 1, -1, -1, -1, -1, -1, -1, -1, -1, -1, -1, -1, 0, 0, -1, -1]  ,i:  6
index:  6  CNodes:  [1, 5, 18] CNColors:  [0, -1, -1]
ith solution color:  1
index[0]:  11  ,edges:  [(0, 16), (1, 2), (1, 6), (1, 7), (1, 8), (2, 11), (2, 16), (2, 17), (3, 14), (3, 16), (3, 17), (4, 7), (4, 13), (4, 17), (5, 6), (5, 11), (6, 18), (9, 12), (10, 13), (11, 17), (13, 15), (15, 17), (16, 19)]  ,solution:  [-1, 0, 1, 1, 1, -1, 1, -1, -1, -1, -1, -1, -1, -1, -1, -1, 0, 0, -1, -1]  ,i:  7
index:  11  CNodes:  [2, 5, 17] CNColors:  [1, -1, 0]
ith solution color:  2
index[0]:  13  ,edges:  [(0, 16), (1, 2), (1, 6), (1, 7), (1, 8), (2, 11), (2, 16), (2, 17), (3, 14), (3, 16), (3, 17), (4, 7), (4, 13), (4, 17), (5, 6), (5, 11), (6, 18), (9, 12), (10, 13), (11, 17), (13, 15), (15, 17), (16, 19)]  ,solution:  [-1, 0, 1, 1, 1, -1, 1, -1, -1, -1, -1, 2, -1, -1, -1, -1, 0, 0, -1, -1]  ,i:  8
index:  13  CNodes:  [4, 10, 15] CNColors:  [1, -1, -1]
ith solution color:  0
index[0]:  5  ,edges:  [(0, 16), (1, 2), (1, 6), (1, 7), (1, 8), (2, 11), (2, 16), (2, 17), (3, 14), (3, 16), (3, 17), (4, 7), (4, 13), (4, 17), (5, 6), (5, 11), (6, 18), (9, 12), (10, 13), (11, 17), (13, 15), (15, 17), (16, 19)]  ,solution:  [-1, 0, 1, 1, 1, -1, 1, -1, -1, -1, -1, 2, -1, 0, -1, -1, 0, 0, -1, -1]  ,i:  9
index:  5  CNodes:  [6, 11] CNColors:  [1, 2]
ith solution color:  0
index[0]:  7  ,edges:  [(0, 16), (1, 2), (1, 6), (1, 7), (1, 8), (2, 11), (2, 16), (2, 17), (3, 14), (3, 16), (3, 17), (4, 7), (4, 13), (4, 17), (5, 6), (5, 11), (6, 18), (9, 12), (10, 13), (11, 17), (13, 15), (15, 17), (16, 19)]  ,solution:  [-1, 0, 1, 1, 1, 0, 1, -1, -1, -1, -1, 2, -1, 0, -1, -1, 0, 0, -1, -1]  ,i:  10
index:  7  CNodes:  [1, 4] CNColors:  [0, 1]
ith solution color:  2
index[0]:  15  ,edges:  [(0, 16), (1, 2), (1, 6), (1, 7), (1, 8), (2, 11), (2, 16), (2, 17), (3, 14), (3, 16), (3, 17), (4, 7), (4, 13), (4, 17), (5, 6), (5, 11), (6, 18), (9, 12), (10, 13), (11, 17), (13, 15), (15, 17), (16, 19)]  ,solution:  [-1, 0, 1, 1, 1, 0, 1, 2, -1, -1, -1, 2, -1, 0, -1, -1, 0, 0, -1, -1]  ,i:  11
index:  15  CNodes:  [13, 17] CNColors:  [0, 0]
ith solution color:  1
index[0]:  0  ,edges:  [(0, 16), (1, 2), (1, 6), (1, 7), (1, 8), (2, 11), (2, 16), (2, 17), (3, 14), (3, 16), (3, 17), (4, 7), (4, 13), (4, 17), (5, 6), (5, 11), (6, 18), (9, 12), (10, 13), (11, 17), (13, 15), (15, 17), (16, 19)]  ,solution:  [-1, 0, 1, 1, 1, 0, 1, 2, -1, -1, -1, 2, -1, 0, -1, 1, 0, 0, -1, -1]  ,i:  12
index:  0  CNodes:  [16] CNColors:  [0]
ith solution color:  1
index[0]:  8  ,edges:  [(0, 16), (1, 2), (1, 6), (1, 7), (1, 8), (2, 11), (2, 16), (2, 17), (3, 14), (3, 16), (3, 17), (4, 7), (4, 13), (4, 17), (5, 6), (5, 11), (6, 18), (9, 12), (10, 13), (11, 17), (13, 15), (15, 17), (16, 19)]  ,solution:  [1, 0, 1, 1, 1, 0, 1, 2, -1, -1, -1, 2, -1, 0, -1, 1, 0, 0, -1, -1]  ,i:  13
index:  8  CNodes:  [1] CNColors:  [0]
ith solution color:  1
index[0]:  9  ,edges:  [(0, 16), (1, 2), (1, 6), (1, 7), (1, 8), (2, 11), (2, 16), (2, 17), (3, 14), (3, 16), (3, 17), (4, 7), (4, 13), (4, 17), (5, 6), (5, 11), (6, 18), (9, 12), (10, 13), (11, 17), (13, 15), (15, 17), (16, 19)]  ,solution:  [1, 0, 1, 1, 1, 0, 1, 2, 1, -1, -1, 2, -1, 0, -1, 1, 0, 0, -1, -1]  ,i:  14
index:  9  CNodes:  [12] CNColors:  [-1]
ith solution color:  0
index[0]:  10  ,edges:  [(0, 16), (1, 2), (1, 6), (1, 7), (1, 8), (2, 11), (2, 16), (2, 17), (3, 14), (3, 16), (3, 17), (4, 7), (4, 13), (4, 17), (5, 6), (5, 11), (6, 18), (9, 12), (10, 13), (11, 17), (13, 15), (15, 17), (16, 19)]  ,solution:  [1, 0, 1, 1, 1, 0, 1, 2, 1, 0, -1, 2, -1, 0, -1, 1, 0, 0, -1, -1]  ,i:  15
index:  10  CNodes:  [13] CNColors:  [0]
ith solution color:  1
index[0]:  12  ,edges:  [(0, 16), (1, 2), (1, 6), (1, 7), (1, 8), (2, 11), (2, 16), (2, 17), (3, 14), (3, 16), (3, 17), (4, 7), (4, 13), (4, 17), (5, 6), (5, 11), (6, 18), (9, 12), (10, 13), (11, 17), (13, 15), (15, 17), (16, 19)]  ,solution:  [1, 0, 1, 1, 1, 0, 1, 2, 1, 0, 1, 2, -1, 0, -1, 1, 0, 0, -1, -1]  ,i:  16
index:  12  CNodes:  [9] CNColors:  [0]
ith solution color:  1
index[0]:  14  ,edges:  [(0, 16), (1, 2), (1, 6), (1, 7), (1, 8), (2, 11), (2, 16), (2, 17), (3, 14), (3, 16), (3, 17), (4, 7), (4, 13), (4, 17), (5, 6), (5, 11), (6, 18), (9, 12), (10, 13), (11, 17), (13, 15), (15, 17), (16, 19)]  ,solution:  [1, 0, 1, 1, 1, 0, 1, 2, 1, 0, 1, 2, 1, 0, -1, 1, 0, 0, -1, -1]  ,i:  17
index:  14  CNodes:  [3] CNColors:  [1]
ith solution color:  0
index[0]:  18  ,edges:  [(0, 16), (1, 2), (1, 6), (1, 7), (1, 8), (2, 11), (2, 16), (2, 17), (3, 14), (3, 16), (3, 17), (4, 7), (4, 13), (4, 17), (5, 6), (5, 11), (6, 18), (9, 12), (10, 13), (11, 17), (13, 15), (15, 17), (16, 19)]  ,solution:  [1, 0, 1, 1, 1, 0, 1, 2, 1, 0, 1, 2, 1, 0, 0, 1, 0, 0, -1, -1]  ,i:  18
index:  18  CNodes:  [6] CNColors:  [1]
ith solution color:  0
index[0]:  19  ,edges:  [(0, 16), (1, 2), (1, 6), (1, 7), (1, 8), (2, 11), (2, 16), (2, 17), (3, 14), (3, 16), (3, 17), (4, 7), (4, 13), (4, 17), (5, 6), (5, 11), (6, 18), (9, 12), (10, 13), (11, 17), (13, 15), (15, 17), (16, 19)]  ,solution:  [1, 0, 1, 1, 1, 0, 1, 2, 1, 0, 1, 2, 1, 0, 0, 1, 0, 0, 0, -1]  ,i:  19
index:  19  CNodes:  [16] CNColors:  [0]
ith solution color:  1
20 0
1 0 1 1 1 0 1 2 1 0 1 2 1 0 0 1 0 0 0 1
